231
90
144
216
67
64
112
200
88
210
184
221
197
233
33
258
152
20
208
52
187
58
213
182
121
87
222
15
178
143
24
73
198
131
79
97
116
168
141
254
179
247
5
99
148
265
4
2
232
211
159
172
193
68
235
84
95
188
220
118
219
154
106
98
228
14
19
248
146
28
256
223
125
215
11
55
257
75
16
239
163
167
12
109
151
65
38
204
61
225
237
132
46
253
89
186
250
238
10
209
77
157
29
246
51
83
234
138
32
158
127
156
76
218
66
39
113
201
194
27
214
22
160
134
54
171
49
56
108
119
185
202
93
72
43
244
226
36
242
100
130
147
243
191
129
149
192
101
122
260
140
107
86
139
153
8
25
42
181
174
34
115
102
150
59
142
45
47
13
117
126
189
37
264
124
175
190
6
261
133
230
259
241
195
7
70
82
252
120
165
164
74
81
31
207
217
166
236
155
57
40
180
111
245
137
18
78
224
60
135
94
170
62
48
3
173
50
249
177
255
53
96
91
169
30
183
41
35
162
196
85
145
205
1
206
251
69
80
212
9
227
128
240
263
92
123
44
176
26
229
17
71
21
23
161
262
114
136
63
203