78
100
130
66
106
7
74
81
87
86
189
202
243
119
186
193
226
139
207
12
96
28
50
108
53
8
214
111
24
39
40
138
264
63
117
143
161
256
27
184
221
21
234
245
142
152
227
173
128
206
10
71
82
88
44
182
188
220
233
97
126
3
258
251
35
36
134
137
5
147
165
85
14
135
146
89
129
141
20
109
23
179
198
259
175
114
190
22
33
124
238
16
229
244
92
132
166
150
157
261
200
31
70
79
116
121
11
164
241
180
75
95
99
212
225
247
158
201
9
194
185
237
153
118
42
113
127
231
171
133
228
120
13
56
123
155
197
192
32
45
55
115
151
219
187
156
91
145
170
37
43
160
181
248
252
163
254
154
80
90
136
140
218
29
84
77
30
178
47
174
255
58
49
72
102
208
209
162
239
265
54
57
26
177
210
246
93
64
211
215
262
38
195
217
17
41
60
83
94
149
52
122
34
25
101
131
222
230
15
205
223
240
1
46
65
68
69
183
61
62
73
112
159
232
235
250
257
253
107
98
148
67
172
51
191
203
260
76
213
224
263
4
59
48
125
144
168
196
249
6
167
169
216
242
176
19
18
236
204
199